2,1,1,0,0,1,2,2,0,-1.0
0,0,0,2,0,0,1,0,0,-0.00903901108519
1,2,1,2,2,2,0,1,0,1.0
2,2,0,0,0,0,1,1,0,-0.3322
2,2,2,0,2,1,1,0,1,1.0
2,1,0,2,0,1,0,0,0,-0.107801359238
2,1,0,2,2,0,1,1,0,-1.0
2,2,1,0,2,0,0,1,1,-1.0
1,2,2,0,2,1,1,0,0,-1.0
1,2,2,2,2,1,1,1,2,0.75
2,2,1,0,0,2,1,1,0,-1.0
1,2,0,1,2,2,2,0,1,0.8
2,2,1,0,2,2,1,0,1,-0.028
1,0,2,1,2,2,2,1,1,1.0
1,2,1,2,1,1,0,2,2,-1.0
2,2,0,1,0,0,1,1,2,0.9
1,1,2,2,2,0,1,0,0,0.855686848304
2,1,1,0,1,2,0,2,0,-0.01960732594
2,0,1,0,2,1,0,0,2,1.0
2,0,1,0,1,0,2,2,1,0.0
2,1,2,2,2,1,1,1,2,1.0
2,2,0,0,1,1,0,0,0,-1.0
2,0,2,1,2,1,0,0,1,0.9
2,0,1,0,0,0,1,2,0,-1.0
2,1,2,0,2,0,2,1,1,1.0
2,2,1,0,1,1,2,1,2,-1.0
2,0,1,2,1,2,2,1,1,1.0
2,1,0,2,0,0,0,1,0,-0.0298874803904
1,0,2,1,2,1,0,2,0,-1.0
1,0,0,2,2,0,1,2,1,0.769589656592
1,2,2,2,1,1,0,1,2,0.75
1,1,2,0,2,0,0,0,0,0.800106216101
1,1,2,2,0,2,0,0,1,-0.05
2,0,1,1,2,2,0,1,0,0.856614519009
2,0,0,1,1,2,0,0,0,0.725560637467
2,0,2,2,1,0,1,1,0,-0.109375
2,1,0,1,2,2,1,1,2,1.0
2,2,0,0,1,0,1,2,1,-1.0
2,0,1,2,1,1,0,2,0,-1.0
0,2,1,0,1,2,0,0,0,-0.348125
2,1,2,1,2,2,0,0,1,0.749817872641
2,1,2,0,0,1,0,0,0,-0.0281837906181
1,2,2,0,0,2,1,1,0,-1.0
1,2,2,0,2,2,1,0,1,-1.0
2,2,1,0,0,0,1,1,2,-1.0
2,1,0,1,1,2,0,2,0,0.675
2,2,0,0,2,0,1,0,1,-0.1
2,0,1,2,2,0,1,0,1,-1.0
2,1,2,1,1,0,0,0,2,-0.0996661082944
2,1,2,1,2,0,2,1,1,1.0
1,2,1,2,1,0,0,2,0,-0.4367492
1,2,1,2,2,2,1,0,1,1.0
2,0,1,0,1,1,2,2,0,-1.0
2,0,0,0,0,2,0,1,1,-0.1
1,0,2,2,2,0,1,1,0,-1.0
1,2,2,0,1,0,1,2,0,-0.5
2,1,1,2,2,1,0,2,0,-0.028
2,0,2,2,0,1,1,0,1,-0.2128746
2,0,0,0,0,0,1,2,1,0.647186628107
0,0,2,0,0,0,1,0,0,-0.0480413193387
2,1,2,0,0,2,0,1,1,-0.7475
2,0,1,0,1,2,0,0,0,-0.0292144996379
2,1,2,0,2,0,1,1,0,-0.673684497837
2,1,2,1,2,1,2,0,1,1.0
1,0,2,2,1,0,2,1,0,-1.0
0,0,0,0,2,2,1,1,0,-0.275
2,1,0,2,2,1,0,1,0,0.899999999948
2,0,0,2,0,1,1,0,0,-0.0816323079812
0,0,0,0,2,0,0,0,0,0.681104567871
2,1,2,2,0,1,0,1,0,-1.0
1,1,2,2,2,2,0,1,1,1.0
1,2,0,1,1,0,0,2,2,-1.0
1,2,2,0,2,1,2,1,1,1.0
2,0,0,0,0,1,0,0,0,0.745983082861
2,1,2,0,2,1,0,0,0,0.843267919062
1,1,2,2,1,2,1,2,0,-1.0
1,1,2,2,0,0,0,0,0,-0.105399416322
2,1,2,1,1,2,0,0,0,-1.0
2,1,1,1,2,2,1,2,0,0.75
2,1,2,1,2,2,1,1,0,-1.0
2,2,2,1,0,0,0,1,1,1.0
0,2,1,2,2,1,1,1,2,0.75
1,2,0,0,2,1,2,1,0,0.849898870183
2,2,1,0,1,0,0,0,0,-0.0666436030896
1,2,2,2,0,0,0,1,1,-0.6084
2,0,0,1,2,0,1,1,2,1.0
0,2,1,0,2,0,2,1,1,-0.164794921875
2,2,1,2,0,0,1,0,1,-1.0
1,2,0,2,2,0,0,1,1,-0.775
2,1,1,1,2,2,2,1,0,0.75
1,2,0,2,0,2,1,1,0,-0.0396594956887
1,2,0,2,2,2,1,0,1,1.0
1,2,2,1,2,1,2,1,0,1.0
2,2,0,0,2,1,0,1,0,0.9
2,0,1,0,1,1,2,0,2,-0.866529752318
2,1,2,2,1,2,1,0,1,-1.0
2,2,0,2,0,1,1,0,1,-1.0
2,0,1,1,2,2,1,1,2,1.0
0,2,1,1,2,2,0,0,1,0.677104890376
1,2,0,2,1,1,2,1,2,0.75
2,0,2,0,0,1,1,1,2,0.9
2,1,2,0,2,0,0,0,1,0.694844641326
2,2,1,2,1,0,0,0,1,-1.0
2,2,0,2,1,1,1,0,0,-0.0257640639109
1,0,2,1,2,0,0,1,2,-0.275
2,1,0,2,0,0,1,1,2,-1.0
1,0,2,2,2,1,0,1,0,0.88941807732
2,0,1,0,0,0,1,0,2,-0.6772265625
2,2,1,1,2,2,2,1,1,0.75
1,0,2,2,1,1,2,0,0,0.0
0,0,0,2,0,2,1,1,0,-0.078125
1,2,2,0,1,0,1,0,2,-0.141480936056
2,1,1,2,0,2,0,0,1,0.9
1,0,2,1,2,1,0,0,2,0.9
1,2,1,0,1,2,2,1,2,0.75
2,0,1,1,2,0,0,0,0,0.719641551626
2,1,2,0,2,1,0,1,0,0.9
2,0,0,0,2,0,1,1,2,1.0
2,0,0,2,1,0,1,2,1,-1.0
1,2,2,2,0,1,2,1,1,-1.0
2,1,2,1,2,2,2,1,1,1.0
2,0,1,1,2,0,2,1,0,0.675577754804
0,2,1,2,0,0,0,0,1,-0.4725
1,2,0,2,0,0,1,1,2,0.675
1,2,0,2,2,1,2,1,1,-1.0
2,0,1,2,1,1,0,0,2,-0.125506196102
0,2,1,1,0,1,2,2,0,0.9
2,0,0,0,0,0,1,0,0,-0.0370550810323
2,2,1,1,2,1,2,0,0,-0.1
2,2,1,0,2,0,1,1,2,1.0
2,0,2,1,1,2,1,0,0,0.9
2,0,1,1,2,2,1,0,0,0.9
2,2,1,0,2,1,0,0,0,-0.0390385111827
2,1,2,1,0,2,1,1,2,1.0
2,2,1,1,2,0,0,0,1,-0.8
1,2,1,1,2,2,2,1,2,0.75
0,2,2,0,0,1,2,1,1,0.9
1,2,2,1,2,2,2,1,1,1.0
2,0,0,0,2,2,1,0,1,-0.022384034128
1,2,0,0,2,2,1,1,0,-1.0
2,1,1,2,0,0,2,1,0,1.0
2,0,2,0,0,0,1,1,0,-0.0619749795712
1,0,2,1,1,0,0,2,2,-1.0
0,2,2,1,2,0,1,1,0,-1.0
2,2,0,0,0,1,1,1,2,0.9
1,0,2,2,1,2,1,1,2,1.0
1,2,1,0,2,2,2,1,1,0.75
2,2,0,0,1,0,2,1,1,0.9
2,1,0,0,2,0,0,0,1,0.683548226155
0,0,1,2,2,2,1,0,1,1.0
2,2,0,0,2,0,1,1,0,-0.1
2,2,2,0,0,1,1,0,1,1.0
0,2,1,0,1,2,2,0,1,-0.909216308594
2,1,1,2,1,2,2,0,1,1.0
2,2,2,0,1,1,1,0,0,1.0
2,1,2,2,2,0,1,1,0,-1.0
0,2,2,2,1,1,1,2,1,-1.0
1,2,1,0,1,2,0,0,2,-1.0
1,2,0,2,1,2,1,0,0,-1.0
2,1,1,2,2,1,1,2,0,-1.0
1,2,0,2,1,0,1,0,2,-0.390310476778
1,2,0,1,2,2,0,0,0,-0.0875555285044
2,2,0,1,0,2,0,1,1,-0.1625
2,1,0,2,2,1,1,2,1,-1.0
2,0,2,0,1,2,1,1,0,-0.514
2,0,1,1,2,1,2,0,0,-0.21875
1,2,2,0,2,1,1,2,1,1.0
1,2,0,0,2,0,1,1,2,-1.0
2,0,1,0,2,0,0,0,1,-0.616335221702
1,1,2,0,1,0,2,2,0,-0.5
2,1,0,0,2,0,1,2,1,0.675
1,2,2,0,2,0,0,1,1,-0.172153251864
1,1,2,1,2,2,2,0,1,1.0
1,1,2,2,1,2,1,0,2,1.0
2,0,0,0,2,1,1,0,0,-0.0634849277817
0,0,2,1,2,2,1,0,1,-1.0
0,0,2,2,1,0,1,1,2,-0.225
0,2,0,0,2,1,1,1,2,0.675
1,2,1,1,0,2,2,0,0,0.672614652539
1,2,1,2,2,1,2,0,0,-1.0
1,2,2,0,0,2,0,1,1,-1.0
0,2,1,1,2,2,2,1,1,0.75
2,0,1,1,2,0,0,2,1,-0.05
2,0,0,1,2,0,0,0,0,0.741559936085
1,2,0,1,1,2,0,0,2,-1.0
2,2,2,1,2,1,0,1,1,1.0
2,1,0,2,2,0,0,1,1,-0.00177617404312
2,0,1,0,0,2,0,0,1,0.453970186915
1,2,1,2,2,0,0,0,1,-1.0
1,2,2,2,2,1,0,1,1,-1.0
2,2,1,0,0,2,0,1,1,-0.3252275
2,1,2,2,0,0,0,1,1,-0.6776953125
2,2,1,1,1,0,2,1,2,-1.0
1,0,2,0,2,1,2,0,1,1.0
1,2,1,1,2,1,2,0,2,0.75
2,0,2,1,0,0,1,0,0,0.753071140491
2,2,1,0,2,1,2,1,0,-1.0
0,2,1,1,2,1,0,2,0,1.0
2,0,2,0,1,0,1,1,2,-0.159562407786
2,1,0,2,0,0,0,0,1,-0.105650473394
0,0,1,2,2,0,1,0,0,0.840754319611
2,0,2,0,0,1,0,0,1,0.841905874655
2,2,0,1,2,0,2,1,1,0.788660478127
2,1,1,2,2,2,1,1,0,1.0
2,0,0,2,2,1,1,2,1,-0.426291938238
0,0,2,2,0,1,1,2,1,0.675
2,2,1,1,1,2,2,1,0,0.75
2,2,0,0,2,1,1,0,1,-1.0
2,0,1,0,0,2,1,2,1,-0.93162003834
0,1,2,2,2,1,1,2,1,0.75
2,2,1,1,1,2,0,0,0,-0.373091051056
2,0,1,0,2,0,0,0,0,0.846371421896
2,2,0,1,0,0,0,1,0,-0.212065771795
2,2,0,1,1,2,0,0,1,0.699937009734
0,2,0,0,0,0,0,1,0,0.184317085827
2,1,2,2,2,1,0,1,0,0.9
1,2,0,0,2,0,0,0,1,0.841513536236
2,2,1,1,2,0,2,1,1,-1.0
2,0,0,2,1,2,1,1,0,-1.0
2,1,0,2,0,0,1,2,1,-0.566015625
1,2,2,1,1,0,2,1,2,-1.0
2,0,1,2,0,2,1,0,1,-0.927736393289
2,0,2,0,0,1,1,2,1,0.899724821627
0,2,1,2,2,0,1,1,0,-0.086474609375
0,2,0,2,0,1,1,2,1,-0.3734375
2,1,1,2,2,2,1,0,0,1.0
1,0,2,1,2,0,2,0,1,1.0
2,2,1,0,2,0,2,1,1,-0.838216821301
0,2,1,2,1,0,0,0,0,-1.0
1,0,0,2,2,2,1,1,0,1.0
2,0,0,0,0,2,1,1,0,-0.596104960057
1,0,2,2,2,0,0,1,1,0.425
2,1,2,1,2,2,1,2,1,0.75
1,0,2,2,0,2,1,1,0,-0.5
2,1,2,1,1,2,2,0,1,-1.0
0,2,0,0,0,0,1,1,2,0.809796483253
2,1,0,2,0,1,1,0,2,-0.573057174683
2,2,1,0,0,0,0,1,0,-0.08
1,2,2,1,1,2,0,0,0,-1.0
2,1,2,0,2,0,0,1,1,-0.659852939861
2,1,2,1,2,1,1,2,0,0.75
2,2,1,1,1,0,0,0,2,-1.0
2,2,0,2,1,1,1,1,2,-1.0
2,2,1,2,2,0,1,0,1,-1.0
2,2,1,0,2,1,0,1,2,1.0
2,2,2,1,0,0,1,0,1,1.0
2,1,2,0,2,0,1,0,1,-1.0
1,2,2,1,2,0,2,1,1,1.0
1,0,2,2,1,1,2,1,2,-1.0
1,2,1,2,1,0,2,1,2,0.75
1,2,1,0,1,2,0,2,0,-1.0
2,1,1,2,2,1,1,0,2,1.0
1,2,0,2,1,0,1,2,0,-0.6355
2,0,2,1,0,1,0,0,0,-0.0339760362061
2,1,1,2,0,2,0,1,0,-0.05
1,2,2,0,2,0,2,1,1,1.0
2,0,2,0,0,0,1,0,1,-0.532644362583
2,1,1,2,1,0,2,2,1,1.0
2,1,0,2,1,2,0,0,1,-1.0
2,1,2,2,2,1,1,0,1,-1.0
2,2,1,1,0,2,0,1,0,-0.802067408428
1,1,2,2,1,0,0,2,0,-0.0375
1,2,1,2,1,2,2,1,0,-1.0
1,0,0,2,2,0,1,1,2,0.675
0,2,1,2,1,0,2,1,0,0.69609375
1,1,2,1,0,2,0,2,0,-1.0
2,1,2,2,0,1,1,1,2,-1.0
2,0,2,0,2,1,2,1,1,1.0
1,0,2,2,2,1,2,1,1,1.0
1,2,2,0,0,0,0,1,0,-0.0295217672105
2,2,2,1,2,0,1,0,1,1.0
0,2,0,0,2,0,0,1,1,-0.319578125
1,2,2,1,1,0,0,0,2,-0.913775005263
0,2,1,2,0,0,1,2,1,-0.2875
2,1,2,2,0,0,1,1,0,-0.99
1,2,1,2,2,0,2,1,1,-1.0
1,2,0,2,0,2,0,1,1,-1.0
1,2,0,1,2,2,2,1,0,0.7838
2,1,2,0,0,0,1,2,1,0.675
2,0,1,2,0,0,1,0,0,-1.0
2,0,1,0,2,2,1,0,1,-0.332867897751
1,2,0,1,2,0,2,0,0,0.851668350448
2,0,0,2,0,1,1,2,1,0.25625
2,2,2,1,1,2,1,1,0,1.0
2,2,2,1,1,0,0,1,0,1.0
2,0,1,2,1,2,0,0,1,-0.0983728
2,1,0,2,1,2,1,2,1,-1.0
1,2,2,2,1,0,0,1,0,-1.0
0,2,1,2,2,1,0,1,0,-1.0
0,1,2,2,2,1,1,0,0,0.674997425079
1,2,1,1,2,1,2,2,0,1.0
0,2,1,2,1,1,2,0,0,-0.131457042694
1,2,2,0,1,1,2,1,2,-1.0
1,0,2,0,2,2,1,1,0,-1.0
2,2,0,0,0,1,1,0,0,-0.0646786640149
0,2,1,1,2,1,0,0,2,0.846781539917
0,1,1,2,2,1,1,2,2,-1.0
0,0,2,0,2,0,1,0,1,-0.570832466485
1,2,2,1,0,2,0,1,0,-0.4818964
2,1,2,0,1,2,1,2,1,0.75
2,1,1,2,2,0,0,0,1,-1.0
1,2,2,2,1,2,1,1,0,-1.0
2,1,0,0,2,2,1,0,1,-0.275
1,2,0,2,1,0,2,1,0,-0.5
0,2,1,0,0,0,0,2,1,-0.5
2,0,1,2,1,0,2,0,1,1.0
1,1,2,2,1,1,2,0,2,-1.0
2,2,2,0,1,1,1,1,2,1.0
2,1,1,0,2,0,1,0,2,1.0
2,0,0,1,2,0,1,0,0,0.83924198981
1,2,1,2,1,0,0,0,2,-1.0
1,1,2,2,0,2,1,0,0,0.9
0,0,2,2,0,0,1,0,1,-1.0
0,2,1,2,1,0,0,2,1,-1.0
2,1,2,2,1,0,1,0,0,-1.0
0,1,2,2,1,0,1,2,0,0.675
0,2,1,1,2,2,1,2,1,1.0
2,2,1,0,1,2,0,0,1,0.228001977231
0,2,1,0,0,2,1,1,2,-1.0
1,2,2,1,2,0,2,1,0,1.0
2,0,2,0,2,1,1,1,0,-0.1
2,1,2,1,2,2,1,0,0,0.814709984551
2,1,0,2,1,0,0,0,0,-0.0633905226799
1,2,0,1,2,2,2,1,1,0.75
1,0,2,2,1,0,1,0,2,0.770800753959
2,0,1,0,2,1,0,1,2,1.0
2,0,0,2,0,0,1,0,1,-0.516289183546
2,1,2,0,1,2,0,0,1,-0.1
1,1,2,2,2,0,2,1,1,1.0
2,0,0,0,2,0,0,1,0,0.871238768144
2,1,2,0,2,1,1,1,2,1.0
1,2,1,2,0,2,0,1,0,-0.9
2,0,1,2,2,2,1,1,0,1.0
1,0,2,2,1,0,0,0,0,-0.5
2,2,0,1,2,0,1,0,1,-0.05
1,1,2,1,1,2,2,2,0,-1.0
2,2,1,2,0,0,0,1,1,-1.0
1,2,0,2,0,0,0,1,0,-0.027781430143
1,2,0,0,2,2,0,1,1,0.265993592755
2,0,1,0,2,0,1,0,0,0.70909656838
0,2,0,1,2,2,1,1,0,-0.9
2,0,0,0,2,1,1,2,1,-0.58125
2,2,2,1,2,1,0,0,1,1.0
2,1,0,2,0,1,1,2,0,-0.703125
1,2,0,0,1,0,2,0,0,-0.1
1,2,2,2,2,1,0,0,1,0.9
0,2,1,0,2,1,0,0,0,-0.5
2,2,1,1,2,2,0,1,1,-1.0
2,2,1,1,1,0,0,2,0,-1.0
2,0,1,2,0,1,0,0,0,-0.5466875
1,0,2,1,0,2,0,0,0,-0.5
1,0,2,1,1,2,0,0,2,1.0
2,2,0,0,2,1,2,1,1,-1.0
2,2,1,1,2,0,1,2,1,1.0
2,0,0,1,0,0,0,0,0,0.757788308046
2,1,2,2,1,1,0,0,0,-1.0
2,2,1,0,1,1,0,2,0,-1.0
2,0,1,0,2,1,1,2,0,-0.085919236138
2,1,0,2,1,1,1,2,2,-1.0
0,0,0,2,2,0,1,0,1,-0.379631172998
2,1,0,2,0,2,1,0,1,-0.604049
2,1,2,2,2,0,0,1,1,-0.0914607408935
2,2,2,2,1,1,1,0,1,1.0
2,2,1,0,2,0,1,0,1,-1.0
2,2,1,2,2,1,1,1,0,-1.0
2,1,1,2,0,0,1,0,2,-0.275
2,0,1,1,1,2,2,0,0,0.675
2,1,2,1,2,0,1,2,1,0.75
0,2,1,0,1,1,0,2,2,-1.0
1,2,1,1,2,0,2,0,0,0.675994506188
2,2,1,1,2,1,0,0,0,-0.057623813689
2,0,2,0,2,1,0,0,1,0.807384365226
0,1,0,2,2,0,1,1,2,0.889453125
0,2,2,0,0,0,1,1,0,-0.05
2,2,1,0,1,0,2,0,1,-0.78631145342
2,0,0,1,2,1,0,0,0,0.801933018709
0,2,1,2,0,1,2,1,0,-0.1625
2,0,0,1,2,2,1,0,1,0.675
2,0,1,0,0,0,2,1,0,0.899979560727
2,0,0,2,2,1,1,1,0,-1.0
1,2,2,1,2,2,0,1,1,-1.0
1,2,2,1,1,0,0,2,0,-1.0
2,1,2,0,1,0,0,0,0,-0.1
1,2,1,2,2,0,0,1,0,0.726853966215
2,0,1,0,0,0,0,0,0,-0.0882179912635
2,2,0,1,2,0,0,1,0,0.893847933653
0,2,0,2,1,0,1,0,0,-0.338807422988
1,2,1,0,2,2,0,1,0,0.894717038768
2,2,2,0,1,0,1,1,0,1.0
1,2,2,0,1,1,0,2,0,-1.0
1,0,2,0,0,0,2,0,1,-0.301982312975
1,1,2,2,2,1,2,0,1,1.0
2,2,1,1,0,0,0,0,0,-0.023047546352
2,1,1,0,0,1,0,2,2,0.675
2,2,1,2,1,0,0,1,0,-1.0
2,1,2,1,2,0,0,0,1,0.895282078952
1,2,0,0,2,0,0,1,0,-0.116864035284
2,2,2,1,2,1,1,1,0,1.0
2,1,2,0,0,0,0,0,1,-0.0933426606313
1,2,2,0,2,0,1,0,1,-1.0
1,2,2,2,2,1,1,1,0,-1.0
2,2,0,1,2,1,0,0,1,-0.00963111782576
0,2,0,1,2,0,0,1,0,0.0
2,1,2,2,2,1,2,1,1,1.0
1,2,2,1,2,1,0,0,0,0.730159884953
1,2,1,1,2,2,2,0,1,0.75
1,2,1,2,2,0,1,1,2,0.75
2,0,1,0,2,1,0,0,0,-0.539851583187
1,1,2,2,1,2,0,0,0,-1.0
0,1,0,2,2,2,1,1,0,1.0
2,1,1,0,2,1,2,0,0,-1.0
2,1,2,2,2,1,1,0,0,0.833702958235
1,2,2,1,2,0,2,0,1,1.0
1,2,1,2,2,2,0,1,1,1.0
2,2,0,2,1,0,1,1,0,-1.0
2,2,1,0,2,0,0,1,0,-0.0259189906234
1,2,1,2,2,0,1,2,1,1.0
1,2,0,1,2,2,0,1,0,-0.5
2,1,0,1,2,2,2,1,1,0.75
0,1,2,2,2,1,1,1,2,0.75
2,1,2,0,2,2,1,1,0,-1.0
2,1,2,0,0,2,1,0,1,-1.0
2,0,1,0,2,0,1,2,1,0.299970646258
2,1,1,0,1,2,2,2,1,0.75
1,2,2,1,0,0,0,0,0,-0.25481731467
1,0,2,2,1,0,1,2,0,0.675
2,2,1,0,2,1,0,1,0,-0.677270507813
1,1,2,0,1,2,0,2,0,-0.5
1,2,2,0,0,0,1,1,2,0.23298546108
0,2,2,0,2,1,1,0,1,-0.05
1,2,0,0,1,2,0,1,2,0.727734375
1,2,2,1,0,0,2,1,0,-0.620417172233
0,2,1,0,2,1,2,1,0,-0.5
1,2,0,0,0,0,1,2,0,-0.5
1,2,1,2,2,1,0,0,0,-0.1
0,2,0,2,0,0,1,1,0,-0.280098447824
2,2,1,1,2,0,1,0,0,0.9
2,0,2,0,2,0,1,0,1,-1.0
0,2,1,0,0,1,2,0,0,-0.39576171875
0,2,1,2,2,0,0,1,1,-0.7625
0,2,1,1,2,0,2,1,0,0.675
2,2,2,1,2,1,2,1,1,1.0
0,2,1,2,0,2,1,1,0,-1.0
1,2,1,2,0,2,0,0,1,-0.84452253185
1,2,2,2,2,1,2,1,1,1.0
2,1,1,2,0,2,2,1,1,1.0
1,2,2,0,2,0,0,1,0,-0.112184424798
1,0,2,2,0,2,0,1,1,-1.0
1,2,1,0,2,1,2,0,0,-0.5
1,2,2,2,0,0,1,0,1,-1.0
2,1,0,1,1,2,2,2,1,0.75
2,2,1,1,0,1,2,0,0,-1.0
1,2,1,2,0,0,0,0,0,-0.0424442137289
2,1,2,0,2,0,1,1,2,1.0
2,1,1,1,1,2,2,2,0,0.75
2,2,1,0,1,1,0,0,2,-0.883875
2,2,0,1,0,0,2,1,1,0.842772386774
1,2,0,2,2,0,1,0,1,0.200289830516
0,2,0,2,0,0,1,0,1,-1.0
1,2,1,2,0,0,2,1,0,-0.9
0,2,1,2,1,1,0,0,2,-1.0
1,2,2,0,2,1,0,0,1,0.899999237055
1,1,2,1,0,0,2,2,0,0.9
2,1,0,2,2,1,1,1,2,1.0
2,1,1,2,0,1,2,0,0,1.0
2,2,0,0,2,1,1,0,0,0.9
0,2,0,2,1,0,1,2,1,-0.875
1,2,2,2,1,1,0,0,0,-0.162662484983
2,2,1,1,0,0,0,2,1,-1.0
1,2,0,0,1,2,0,0,0,-0.500591851163
0,2,1,2,0,0,1,1,2,-0.1625
2,2,0,2,1,1,0,1,0,0.9
1,2,0,0,1,2,2,1,0,-1.0
2,2,1,1,2,2,1,2,1,1.0
2,0,0,1,2,2,1,2,1,0.813205085494
2,0,2,2,1,1,1,1,2,-1.0
1,2,2,0,1,0,0,1,2,0.895354706457
0,2,2,2,0,1,1,0,1,-0.9
0,2,1,2,0,0,0,1,0,-0.0939485549927
1,2,2,2,1,1,1,2,0,-1.0
1,2,2,1,0,1,2,0,0,-1.0
2,1,1,1,2,1,2,0,2,1.0
2,2,2,1,0,1,1,2,1,1.0
0,2,0,2,2,1,1,0,1,-1.0
0,2,0,0,2,0,1,1,0,-0.3277203125
1,2,2,2,0,1,1,2,1,-1.0
1,2,2,2,0,1,1,1,2,0.75
2,0,1,2,0,2,0,1,1,-0.028
0,2,1,0,2,2,1,1,0,-1.0
2,0,0,2,2,0,1,0,1,-0.0586049157698
0,2,0,2,2,1,1,1,0,-1.0
2,2,1,1,0,2,1,1,2,-1.0
1,2,1,2,2,0,1,0,0,0.9
1,2,1,2,1,2,0,0,0,-0.4221692
2,0,0,0,0,0,0,1,0,-0.0238709770696
2,2,1,0,2,0,1,2,1,1.0
2,1,1,2,2,0,1,2,1,-1.0
1,2,0,0,0,2,1,1,2,-0.510546875
1,0,2,2,0,0,0,1,0,-0.236433810636
1,2,2,1,0,0,0,2,1,-1.0
0,2,1,0,0,1,0,0,2,0.659138874549
2,2,1,1,2,2,0,0,1,0.851853292352
1,2,0,2,2,0,0,1,0,0.882170528872
0,2,1,2,0,1,1,2,0,-1.0
1,2,1,0,2,0,0,0,0,0.797398821081
2,2,1,0,2,0,0,0,1,-0.1
1,1,2,1,2,2,2,1,0,1.0
1,0,2,0,1,0,2,0,0,-0.5
2,0,0,0,2,0,2,1,1,0.827256280717
2,2,2,1,0,1,0,0,1,1.0
1,2,1,0,2,0,2,1,0,0.675
1,2,2,2,0,1,0,0,1,-1.0
2,2,2,1,1,0,1,1,2,1.0
1,0,2,2,1,0,0,1,2,-0.76953125
0,0,0,2,2,0,1,1,0,-0.354624099731
1,2,2,2,1,0,1,1,2,0.75
1,2,0,2,2,1,0,0,1,-0.3625
1,0,2,1,1,2,2,0,0,-0.0227478050848
1,1,2,1,2,1,2,0,2,1.0
2,0,1,2,2,1,2,1,0,1.0
2,2,0,0,1,0,0,0,1,-0.0344668778796
1,1,2,0,1,2,0,0,2,1.0
1,2,0,2,2,1,1,2,1,1.0
0,0,1,2,2,0,1,2,1,-0.315625
0,2,1,0,1,0,2,0,0,0.423820425074
0,2,1,0,2,0,1,1,2,0.89756900638
1,2,0,0,0,0,1,0,2,-1.0
2,1,2,1,0,2,2,1,1,-1.0
1,2,1,2,0,0,0,2,1,-1.0
1,2,2,2,2,0,1,0,1,-0.05585752
2,2,2,0,1,1,0,1,0,1.0
1,2,2,1,2,2,0,0,1,-1.0
1,2,0,1,2,0,0,0,0,-0.0807495465664
1,0,2,2,2,1,1,0,0,0.674999678135
2,0,1,2,2,2,0,1,1,1.0
2,1,1,2,2,1,2,1,0,1.0
1,2,0,2,1,0,0,1,2,0.675
1,2,2,0,0,1,2,0,1,-0.05
1,2,1,1,1,2,0,2,2,-1.0
2,2,0,1,0,2,1,0,1,-0.8
2,1,0,0,0,2,1,2,1,0.675
0,2,1,0,0,2,0,1,0,-0.152338025391
2,2,0,0,2,1,1,2,1,1.0
0,0,1,2,0,2,1,2,1,0.634375
1,2,0,2,1,1,0,0,2,0.674999928474
0,2,1,0,1,0,0,0,2,-1.0
2,0,1,2,2,1,1,1,2,1.0
2,0,1,2,2,0,0,1,0,0.9
2,0,1,2,0,0,2,1,1,1.0
2,1,0,0,2,0,2,1,1,0.9
2,0,1,1,1,2,2,2,1,0.75
2,0,1,0,2,0,2,1,1,0.86162678125
2,2,1,1,2,2,1,1,0,-1.0
1,2,0,1,1,2,0,2,0,-0.5
1,2,1,2,0,2,1,1,2,-1.0
1,2,2,0,0,1,2,1,0,-0.78868114474
2,2,1,1,2,0,0,0,0,0.824862539109
2,1,2,2,1,1,0,2,1,0.75
0,2,1,0,2,1,1,2,0,1.0
1,2,0,0,0,2,1,0,0,-0.32
2,2,0,0,1,2,1,1,0,-1.0
0,2,1,0,0,2,2,1,1,0.675
1,2,1,2,2,2,0,0,1,1.0
2,1,0,2,2,0,1,0,1,0.2
2,0,1,1,2,2,0,0,1,0.675
2,1,1,2,2,1,1,2,2,1.0
1,2,2,2,2,1,1,2,1,1.0
2,2,1,0,0,2,1,0,1,-1.0
2,1,0,2,1,2,1,0,0,-0.1
2,0,2,1,0,0,0,0,1,0.899011755438
2,0,1,1,2,1,2,0,2,1.0
1,0,2,1,2,2,0,1,0,0.0
1,0,2,0,2,2,0,1,1,-0.05
2,1,1,1,2,2,0,0,0,0.675
2,2,1,2,1,1,2,1,0,1.0
0,0,0,2,0,0,1,1,2,0.514673678
1,2,2,0,1,2,1,0,0,-0.55
1,2,2,2,2,1,1,0,1,-1.0
1,2,1,2,2,1,0,1,2,0.75
2,2,1,0,0,1,0,0,0,-0.459252840378
1,2,2,1,2,0,0,0,0,-1.0
2,0,1,2,0,0,0,0,1,-0.66111491396
2,0,1,2,1,2,0,1,0,-1.0
0,2,0,2,0,1,1,1,2,0.674979400635
1,0,2,0,0,0,1,2,0,-0.676875
2,0,1,1,0,1,2,2,0,-1.0
2,2,0,1,0,0,1,0,0,0.876093731893
2,0,2,2,1,0,1,0,1,-0.05
2,1,2,1,1,2,1,0,2,1.0
2,1,1,2,1,0,2,0,0,1.0
0,2,1,2,0,1,0,0,0,-0.273724023643
2,2,0,0,1,0,1,1,2,-1.0
1,2,0,2,0,1,2,0,1,-1.0
2,2,0,0,0,1,0,0,1,-0.028
1,2,2,0,0,2,1,0,1,-1.0
1,2,0,0,2,2,1,0,1,-0.02096758
0,2,1,2,0,1,1,0,2,-1.0
2,2,1,1,0,1,2,1,2,-1.0
2,1,1,2,2,0,1,0,0,0.9
0,2,2,1,0,0,0,1,0,-0.306750910019
2,1,0,0,1,0,0,2,0,0.617166831716
0,1,2,2,2,0,1,1,0,-0.186988176592
1,0,2,1,1,2,2,1,2,1.0
2,1,1,2,2,2,0,1,0,1.0
1,2,2,2,1,1,2,1,0,-1.0
1,2,1,2,2,2,1,1,0,1.0
2,2,0,2,1,0,0,1,1,-1.0
1,0,2,2,2,0,1,0,1,0.71953007618
1,2,1,2,2,0,0,0,0,0.9
2,0,2,1,1,0,0,0,0,-0.000302617750197
2,1,2,0,2,2,0,1,1,-0.0587991674533
1,2,0,2,0,1,0,1,2,0.675
2,2,1,0,0,0,1,0,0,-1.0
1,2,2,0,0,1,1,2,0,-1.0
2,2,0,0,0,1,1,2,1,-0.017593768
2,1,2,1,2,1,2,1,0,1.0
0,2,1,0,1,1,2,0,2,0.751269373298
2,0,1,0,1,2,2,0,1,0.818766112961
2,1,2,0,1,2,1,0,0,0.081910358
2,1,2,1,2,1,0,0,0,0.757338438243
2,0,2,2,1,1,1,2,1,0.75
2,1,1,2,1,1,0,2,2,-1.0
2,1,2,2,0,1,0,0,1,0.69161595365
2,1,1,0,1,0,2,2,0,0.878466326337
1,2,2,1,0,1,2,1,2,-1.0
1,0,2,0,2,0,1,0,0,-0.674064962268
2,2,0,0,0,1,0,1,0,-0.0674316025097
0,2,2,2,1,1,1,1,2,0.75
0,0,2,0,0,0,1,1,2,0.783802869132
2,1,0,2,1,1,0,2,0,0.684864557299
2,0,2,0,0,0,0,1,1,-0.00055105228234
0,2,1,1,1,2,0,2,0,-1.0
1,2,1,2,0,1,2,0,0,-1.0
1,2,0,0,2,0,0,0,0,0.72782071818
2,1,2,2,2,1,0,1,1,-1.0
2,2,2,1,2,1,1,0,0,1.0
2,1,2,2,1,1,2,0,1,1.0
1,2,2,2,2,1,1,0,0,0.721730644647
2,1,1,2,0,2,1,0,0,-1.0
2,0,1,0,2,1,2,0,0,-0.0275051816007
0,0,0,2,1,2,1,2,1,-1.0
2,0,1,0,0,0,0,2,1,-0.61580185356
1,0,2,2,2,1,1,2,1,0.75
0,2,0,1,2,0,1,1,2,-1.0
1,2,2,0,0,0,1,0,0,-0.525
2,2,0,1,0,1,0,0,0,-0.1
2,0,2,2,1,1,0,0,1,0.9
1,0,2,0,0,2,1,0,0,-0.4588671875
1,2,2,2,0,1,0,1,0,-0.715619726562
2,1,1,2,2,2,1,0,1,1.0
2,0,1,1,2,2,2,1,1,0.75
1,2,0,2,0,2,1,0,1,-1.0
2,2,2,0,0,1,0,1,1,1.0
2,1,2,0,0,0,2,1,1,-0.762770319968
2,2,0,0,0,0,1,0,1,-0.55691806868
2,2,2,0,2,1,1,1,0,1.0
1,2,1,2,0,1,2,1,2,0.75
1,2,2,0,2,0,1,1,2,-1.0
2,2,1,0,2,2,1,1,0,-1.0
2,1,2,2,0,1,1,0,0,0.520467749298
0,0,0,0,2,2,1,0,1,-0.275
2,0,1,1,2,1,2,2,0,-0.06688
2,2,1,1,2,1,2,1,2,1.0
2,0,1,1,2,1,0,2,0,0.729
2,1,2,0,2,0,0,1,0,0.867295947397
1,0,2,2,2,1,0,0,1,0.806601612162
2,1,2,1,1,0,2,0,0,-0.5217031
0,2,2,0,0,1,1,0,0,0.388719328335
2,1,2,0,2,1,0,0,1,0.885484145795
0,2,2,0,0,1,0,1,0,-0.044120630151
2,0,1,0,0,2,2,1,1,0.725630338769
1,0,2,0,1,2,0,0,0,-0.3786676475
2,0,1,1,0,1,2,0,2,0.6625
2,1,2,1,1,2,1,2,0,0.75
2,1,2,1,2,0,1,0,0,0.677006099626
0,2,0,0,0,0,2,1,1,0.795901771302
0,2,1,2,1,2,0,0,1,-1.0
2,2,0,1,1,2,1,0,0,-0.0438635101137
1,0,2,1,2,0,0,0,0,-0.5
2,1,2,1,2,2,0,1,0,0.9
2,2,0,1,2,1,1,0,0,0.9
0,1,2,2,0,0,1,0,0,0.594886299224
2,1,2,0,1,1,0,2,0,0.131529521647
0,0,2,1,2,0,1,2,1,-0.322485351562
1,2,2,0,2,2,1,1,0,-1.0
2,0,0,2,0,0,0,1,1,-0.028
1,0,2,1,2,0,2,1,0,1.0
2,0,1,2,2,0,1,1,0,0.12009402521
1,1,2,2,2,0,1,2,1,0.75
1,0,2,2,1,1,0,0,2,0.675
2,0,1,2,0,1,0,1,2,0.9
0,1,2,0,2,0,1,1,2,0.7734375
2,1,2,0,1,0,0,2,1,0.675
2,0,1,2,1,0,0,0,0,-0.0091504256914
2,2,2,0,1,1,2,1,1,1.0
2,2,2,1,1,2,1,0,1,1.0
1,2,0,2,0,0,1,0,0,-0.19899656137
2,0,1,2,1,0,2,1,0,1.0
2,2,0,0,2,1,1,1,0,-0.028
1,2,2,0,0,1,0,0,0,-0.1360394343
2,0,0,0,0,0,1,1,2,-0.470166528805
1,2,1,0,2,1,2,1,2,0.75
2,1,0,2,2,1,2,1,1,1.0
0,2,2,1,2,0,1,0,1,-1.0
2,0,2,1,1,2,1,1,2,1.0
2,0,1,1,0,2,0,2,1,0.50625
2,1,2,2,0,1,2,1,1,1.0
2,1,0,0,2,0,0,1,0,0.8114179252
2,2,1,0,2,1,1,0,0,-1.0
2,1,1,2,2,0,0,0,0,0.9
1,1,2,2,2,0,0,0,1,0.9
1,2,2,0,0,0,1,2,1,0.1
2,0,0,0,1,2,1,1,2,-0.910628336125
0,0,0,0,2,0,1,1,2,0.826803588526
2,1,2,2,2,0,1,0,1,-0.09766
2,2,2,2,1,1,0,1,1,1.0
2,2,2,1,0,1,2,1,1,1.0
1,2,1,1,1,2,2,2,0,-1.0
2,2,1,2,2,1,1,0,0,-0.00668622834685
0,1,1,2,2,2,1,2,1,1.0
1,2,1,2,1,1,2,0,2,0.75
2,0,2,0,1,2,1,0,1,0.9
2,1,2,1,2,2,1,0,1,-1.0
2,1,1,0,1,2,2,0,0,0.49058
0,2,1,0,2,0,0,1,0,-0.0551290583814
2,0,0,2,2,0,1,1,0,-1.0
2,1,1,0,2,1,0,2,2,1.0
1,2,0,0,1,2,1,0,2,-1.0
2,0,1,2,2,0,0,0,1,-0.00424244427555
2,0,0,0,2,0,0,1,1,-0.0424
2,0,0,0,2,0,1,0,1,-1.0
2,1,1,1,2,2,2,0,1,0.75
1,0,2,1,2,1,2,0,0,1.0
1,1,2,1,2,2,0,1,2,1.0
2,2,0,1,2,0,1,0,0,0.853581634294
1,0,2,2,0,1,2,0,1,-0.05
2,1,1,0,2,1,1,2,2,1.0
2,2,1,0,0,1,1,2,0,-0.323259835731
2,0,1,0,0,1,2,0,0,-0.543656842799
1,2,1,0,1,2,2,0,0,-0.5
2,2,0,0,2,1,0,0,1,-0.1
2,2,0,0,1,2,0,1,1,-1.0
0,2,1,0,0,1,2,1,2,0.675
2,0,1,2,2,1,0,1,0,-0.028
1,2,0,0,2,0,1,0,0,-0.2221060329
1,0,2,1,0,0,0,0,2,0.3973046875
2,0,1,2,1,1,2,0,0,1.0
0,2,1,1,2,2,0,1,0,0.0
2,0,1,1,2,1,0,0,2,1.0
0,2,2,0,2,1,1,1,0,-0.9
2,1,2,2,2,1,1,2,1,0.75
0,2,1,0,1,1,2,2,0,-0.75
2,2,1,1,1,0,2,2,1,-1.0
1,0,2,1,2,0,0,2,1,-1.0
1,2,0,2,0,1,0,0,0,0.590555783093
2,1,0,1,1,2,2,0,0,-0.1
1,2,1,0,1,0,2,0,2,0.759654915263
0,2,1,2,1,2,0,1,0,-0.45
0,2,1,2,0,2,1,0,1,-0.88125
0,0,2,2,1,0,1,0,0,0.77962134078
0,2,0,2,0,0,0,1,1,-1.0
1,1,2,1,1,2,2,0,2,1.0
2,2,1,2,0,1,1,0,0,-1.0
0,2,0,2,0,1,1,0,0,0.362228986706
2,0,2,0,0,1,0,1,0,0.89542927444
2,1,1,0,2,2,0,0,1,0.730224836883
0,2,1,2,1,2,2,1,1,-1.0
2,0,2,2,2,1,1,0,1,-1.0
1,0,2,2,0,0,1,2,1,-1.0
2,1,1,2,2,1,2,0,0,1.0
2,0,1,1,2,2,1,2,1,0.75
2,1,1,1,2,1,2,2,2,1.0
1,2,0,0,0,2,2,1,1,-0.607421875
1,2,0,1,1,2,2,0,0,-0.522992661987
1,0,2,2,0,1,1,2,0,0.675
2,2,1,1,0,0,0,1,2,-0.809525104166
0,2,2,2,1,0,1,1,0,-0.1625
0,2,0,0,2,1,1,0,0,0.683455642914
2,1,2,2,2,1,0,0,1,0.847095603252
2,0,2,0,1,0,1,0,0,0.879411251551
1,1,2,2,1,0,1,2,2,0.75
0,2,1,2,1,1,0,2,0,-1.0
1,0,2,0,0,2,1,2,1,-1.0
2,2,1,1,2,2,1,0,0,0.9
1,2,0,0,0,0,2,1,0,0.644003943439
1,2,0,1,1,0,2,0,2,-0.823383609109
2,0,2,0,2,0,0,1,1,-0.000297159598131
2,0,0,0,0,0,2,1,1,0.85933107826
1,2,0,0,0,0,0,0,0,-0.0234920204028
2,2,2,1,2,0,1,1,0,1.0
2,2,2,1,0,1,1,0,0,1.0
1,2,0,2,0,1,2,1,0,-0.28125
1,2,0,1,2,0,2,1,0,0.842970921273
2,1,0,0,0,0,0,0,0,0.721219632545
2,2,1,1,1,2,0,1,2,-1.0
2,1,1,2,0,2,1,2,1,-1.0
2,1,2,1,2,0,0,0,0,0.705106954833
1,0,2,0,2,0,1,1,2,0.223110189669
1,2,0,2,2,1,1,0,0,0.680230078936
2,2,0,0,1,0,0,1,0,0.899881436803
0,2,1,2,1,0,2,0,1,-1.0
1,2,2,0,2,0,1,0,0,-0.1
2,2,0,1,2,1,0,0,0,0.9
2,0,2,1,0,2,1,1,0,-0.1
2,0,1,0,1,2,0,2,1,-0.1625
2,0,2,1,2,2,1,0,1,-1.0
1,2,1,2,1,2,0,1,2,-1.0
0,0,2,2,0,0,1,1,0,-0.348125
0,0,1,2,2,2,1,1,0,1.0
2,1,1,2,2,1,0,0,0,-0.1483721725
2,2,2,0,0,1,1,1,0,1.0
1,2,1,2,0,0,1,2,0,0.9
2,0,1,0,0,1,1,2,2,-1.0
2,0,1,0,2,0,0,1,0,-0.0926487
1,0,2,0,0,2,1,1,2,1.0
0,0,2,0,0,2,1,0,1,-0.625297851563
1,2,2,1,2,0,0,1,0,-1.0
2,1,2,0,0,0,0,1,0,-0.1
2,0,1,0,1,1,0,2,2,-1.0
1,2,1,2,1,1,2,2,0,-1.0
2,2,0,1,2,2,0,1,1,-1.0
1,2,2,1,1,2,0,1,2,1.0
1,2,0,0,2,0,1,2,1,1.0
2,1,2,1,2,0,1,1,2,1.0
2,0,1,2,0,1,2,1,0,1.0
2,1,2,2,2,1,1,1,0,-1.0
2,2,1,1,0,2,0,0,1,-0.709308554621
0,2,1,2,2,1,1,0,0,0.580859375
1,2,0,0,1,0,0,2,0,-0.1
1,2,0,0,1,2,1,2,0,-1.0
2,2,0,1,2,1,1,1,2,1.0
1,0,2,0,0,0,1,0,2,-1.0
2,0,0,2,1,0,1,1,2,-0.908875
0,2,2,2,1,0,1,0,1,0.9
2,1,2,2,0,1,1,2,1,0.75
2,0,2,1,0,0,1,1,2,0.9
2,2,1,0,0,0,2,1,1,-0.205873580692
2,0,0,2,1,0,1,0,0,-0.095
0,0,2,2,1,0,1,2,1,-0.0375
0,0,1,2,2,0,1,1,2,0.896484375
2,0,2,0,1,1,0,0,0,-0.0234186098969
1,2,2,0,0,0,2,1,1,-0.0887116860478
0,1,2,2,1,2,1,2,1,-1.0
1,2,1,2,2,2,1,0,0,1.0
2,0,1,0,0,2,1,1,2,-1.0
2,2,2,0,2,1,0,1,1,1.0
2,0,0,2,2,0,0,1,1,-1.0
2,2,2,1,1,0,0,0,1,1.0
2,2,1,0,0,1,0,1,2,-0.597704896358
2,1,1,2,2,0,1,1,2,1.0
2,2,0,1,1,2,1,1,2,-1.0
1,1,2,1,2,0,0,2,0,-0.5
2,2,1,0,1,2,2,1,1,0.75
2,2,1,1,2,1,0,2,0,1.0
1,2,0,2,2,2,1,1,0,1.0
1,0,2,2,0,0,1,0,0,0.777980317393
1,0,2,0,2,2,1,0,1,-0.847387695313
0,2,1,1,2,0,0,2,1,1.0
2,1,2,1,2,1,2,0,0,1.0
2,0,2,0,1,0,1,2,1,0.681080741235
1,2,0,2,2,0,1,0,0,0.871415705264
0,0,2,2,2,1,1,0,1,-0.1625
0,0,2,0,2,0,1,1,0,-0.095
2,2,1,0,1,0,0,2,1,-1.0
2,2,1,0,2,1,1,1,2,1.0
1,2,2,0,2,1,0,0,0,0.750412979697
1,2,2,1,2,0,0,0,1,-1.0
2,0,0,0,2,0,1,2,1,0.732225900531
1,1,2,2,2,1,0,0,0,0.75242056634
2,1,1,0,2,2,1,2,1,0.75
1,2,2,1,1,0,2,0,0,-1.0
2,1,0,2,0,0,2,1,1,1.0
2,2,1,1,1,2,2,0,1,0.75
0,2,1,1,2,0,0,0,0,0.65117722123
2,1,0,1,2,0,0,0,0,0.670455048389
1,2,0,1,1,2,2,1,2,0.75
2,1,1,2,0,0,0,0,0,0.861778385917
0,0,1,2,2,1,1,2,0,-0.5
2,2,0,1,0,0,0,0,1,-0.0813831033835
2,2,0,1,1,2,0,1,0,0.710104207967
2,0,0,1,0,2,1,1,2,0.9
1,0,2,0,2,0,0,1,0,0.842300532933
2,2,1,1,2,1,1,0,2,1.0
2,0,2,0,2,1,1,0,1,-0.7625
1,2,1,1,2,2,2,0,0,0.894434795132
2,0,1,0,2,1,2,1,0,-0.05
0,2,0,0,0,0,1,0,0,-0.0624013824762
1,2,2,0,2,2,0,1,1,-0.028
2,0,0,2,0,0,1,1,0,-0.470565816784
1,2,0,1,1,0,2,2,0,-1.0
1,2,1,1,2,2,2,2,1,1.0
0,0,0,2,0,0,1,2,1,0.164106911706
2,0,1,2,2,0,0,1,1,-1.0
2,2,1,0,0,1,2,1,0,-0.65625
2,0,0,0,2,0,0,0,1,0.76272778079
2,1,2,0,2,1,1,2,1,0.75
2,0,1,2,0,2,1,1,0,-0.863023451481
1,1,2,0,1,0,2,0,2,-1.0
2,0,1,2,2,2,1,0,1,1.0
1,2,2,0,2,1,1,1,2,-1.0
2,1,1,2,1,2,0,2,1,-1.0
1,2,1,2,1,0,2,0,0,-0.404603519515
1,2,2,0,1,1,1,2,2,-1.0
2,0,0,0,0,2,1,0,1,-0.509892552401
0,2,1,0,1,2,0,2,1,-1.0
2,2,0,0,2,1,0,1,1,-1.0
2,1,2,1,2,2,1,1,2,1.0
1,2,1,0,2,2,0,0,1,0.899607957015
2,0,0,2,1,1,0,0,0,0.772337766512
1,2,0,2,0,0,2,1,1,-0.7875
2,0,1,2,1,1,2,1,2,1.0
2,0,1,0,0,2,1,0,0,-0.4092416444
2,2,1,0,1,2,0,1,0,-0.92
0,1,2,0,2,2,1,0,1,-1.0
1,2,1,0,2,2,1,2,1,1.0
2,0,1,2,0,1,1,2,0,-1.0
2,2,1,2,2,0,1,1,0,-0.0536296143666
2,1,1,2,0,1,1,2,2,-1.0
2,1,0,2,2,1,1,0,0,-0.569750976562
2,1,1,1,2,2,0,2,1,0.75
0,2,1,0,2,1,1,0,2,0.688924956322
2,2,1,2,1,0,2,1,1,1.0
1,0,2,0,0,2,2,1,1,-1.0
2,2,0,2,0,1,1,1,0,-1.0
1,2,1,2,2,1,0,2,0,1.0
2,2,1,2,0,1,1,1,2,-1.0
2,1,0,2,2,2,1,0,1,1.0
1,0,2,2,0,1,0,0,0,0.720132957221
2,2,2,2,1,1,1,1,0,1.0
2,2,1,1,0,2,2,1,1,0.75
2,1,1,2,2,0,0,1,0,0.9
1,2,0,2,0,0,1,2,1,-0.55
2,0,1,2,0,0,1,1,2,-1.0
2,1,0,2,2,2,0,1,1,1.0
1,2,0,1,0,0,2,0,0,0.757593111501
2,1,0,2,1,0,2,0,1,1.0
2,1,0,0,2,0,1,1,2,1.0
2,1,2,2,1,1,1,0,2,-1.0
0,2,2,0,1,2,1,1,0,-1.0
0,2,1,1,2,1,2,0,0,-0.1625
1,2,2,1,0,1,2,2,1,-1.0
1,1,2,0,1,2,1,2,2,1.0
0,1,2,2,0,0,1,2,1,0.675
2,0,0,0,1,0,0,0,0,0.760282646089
2,2,1,1,0,1,0,2,0,-1.0
1,2,2,0,0,0,0,0,1,-0.335924569772
1,2,2,0,1,2,0,1,0,-0.08974755
2,2,1,1,2,2,1,1,2,1.0
2,0,2,2,1,1,1,0,0,0.757324397564
2,0,0,0,2,0,1,1,0,-0.619335301558
1,2,1,2,2,1,1,0,2,0.75
1,2,2,2,2,0,1,1,0,-0.830944630601
2,2,2,1,1,0,2,1,1,1.0
1,2,0,2,2,2,0,1,1,1.0
1,1,2,2,2,1,2,1,0,1.0
2,0,1,0,2,2,1,1,0,-1.0
2,2,2,1,0,1,1,1,2,1.0
2,0,1,0,1,2,0,1,2,-1.0
2,1,2,2,1,0,1,2,1,0.75
0,2,1,2,0,2,0,1,1,-0.9
1,1,2,2,1,1,2,2,0,-1.0
0,0,2,2,1,2,1,1,0,-0.525
1,1,2,1,2,0,0,0,2,-0.1625
1,0,2,0,0,0,0,0,0,0.448680356736
1,2,0,2,2,1,1,1,2,0.75
1,2,2,1,0,2,2,1,1,-1.0
2,2,1,1,0,0,2,0,1,-1.0
2,0,1,0,0,1,0,0,2,0.899985790078
1,0,2,1,0,0,0,2,0,-0.2975
1,2,0,0,2,0,2,1,1,0.709517527807
0,2,1,2,0,1,0,1,2,0.50625
2,1,0,0,2,0,0,0,0,0.698046683559
1,2,1,1,2,2,0,0,0,-1.0
0,1,2,2,0,2,1,0,1,-0.225
1,2,1,1,2,2,2,1,0,0.75
2,1,2,1,0,0,0,0,0,-0.00368
2,1,0,0,2,2,1,1,0,0.737703560414
2,2,1,1,2,1,0,1,2,1.0
0,2,2,0,1,0,1,1,2,0.899999999987
2,2,1,1,0,0,1,0,2,-0.05
0,1,0,2,2,2,1,0,1,1.0
1,0,2,0,0,0,0,2,1,-1.0
2,1,0,0,1,2,0,0,0,-0.06927184
1,2,2,1,0,1,0,2,0,-1.0
2,0,2,1,0,0,0,1,0,0.9
2,2,0,2,1,0,1,0,1,-0.23851
2,2,1,2,2,1,0,1,0,-0.028
1,1,2,2,2,0,0,1,0,0.9
2,1,2,2,1,0,0,0,1,-0.180910071171
0,2,1,1,2,2,1,1,2,-1.0
1,2,0,1,2,2,0,0,1,-0.00634901101531
2,1,2,0,2,1,1,0,0,0.721616391219
2,1,2,0,2,1,2,1,1,1.0
2,1,2,0,2,2,1,0,1,-0.0395524281872
2,1,2,2,0,0,1,0,1,-0.55
2,0,1,0,2,0,1,1,2,1.0
0,2,1,0,1,0,2,2,1,-0.8125
2,2,0,0,0,1,2,1,1,-0.0216041121164
2,1,2,2,1,1,1,2,0,0.75
1,2,1,2,0,2,2,1,1,-1.0
1,0,2,2,0,2,1,0,1,-0.969384765625
2,2,1,0,0,0,1,2,1,-1.0
1,2,2,1,0,0,2,0,1,-0.172788327637
1,0,2,0,2,0,1,2,1,-0.414065742493
1,2,2,1,1,2,2,1,0,-1.0
0,2,1,2,1,1,2,1,2,0.75
2,2,0,1,2,0,1,1,0,-1.0
2,0,2,0,2,0,1,1,0,-0.0049030108194
0,2,1,0,2,2,0,1,1,-0.525
1,0,2,0,1,0,0,2,0,-0.5
1,2,2,1,2,1,2,0,0,1.0
2,0,1,0,0,2,0,1,0,-0.0489869738784
1,2,0,2,1,2,0,1,0,-0.45
0,0,1,2,2,1,1,0,2,0.864404296875
1,2,1,2,0,1,0,2,0,-0.8
1,1,2,1,1,0,2,2,2,1.0
0,2,1,0,2,0,0,0,1,-0.5
2,2,0,0,2,0,0,1,1,-0.079192
2,2,2,1,2,1,0,1,0,1.0
2,2,1,0,0,1,1,0,2,-0.792209486198
1,1,2,2,1,0,2,0,0,-1.0
2,2,1,0,2,2,0,1,1,-1.0
1,2,2,2,2,1,0,1,0,0.862275508536
2,0,1,2,0,0,1,2,1,-1.0
1,0,2,0,0,2,0,0,1,-0.22607421875
2,1,2,0,2,0,1,0,0,0.732951448975
2,2,0,2,1,1,1,2,1,-1.0
2,1,2,1,1,2,0,2,1,0.75
0,2,1,1,1,2,2,0,0,0.675
2,2,1,1,2,0,1,1,2,1.0
0,1,2,2,0,0,1,1,2,-1.0
0,2,1,0,2,1,0,1,2,0.751895707101
2,1,1,2,2,2,0,1,1,1.0
1,2,1,2,0,0,2,0,1,-1.0
2,1,0,2,0,2,1,1,0,-1.0
2,2,0,0,0,0,0,1,1,-0.0366344590882
0,2,1,0,0,2,1,2,1,-0.89287109375
2,1,1,2,1,1,2,2,0,1.0
2,2,1,0,2,0,1,1,0,-1.0
2,2,1,1,2,1,1,2,0,1.0
0,2,0,2,1,0,1,1,2,0.5703125
2,0,1,2,1,0,0,2,1,-1.0
1,2,1,1,1,2,2,0,2,0.75
1,1,2,2,1,0,0,0,2,-1.0
2,2,1,0,2,0,1,0,0,0.899997079408
2,2,2,0,1,0,1,0,1,1.0
2,0,1,0,1,2,2,1,0,-1.0
0,2,2,0,0,0,1,0,1,0.1875
2,2,1,0,1,0,2,1,0,0.8154052122
2,2,0,2,1,1,0,0,1,-0.0111477256464
1,2,2,1,2,1,2,0,1,1.0
2,2,1,1,0,1,0,0,2,-0.35721679609
2,0,1,0,0,0,2,0,1,-1.0
2,2,1,0,0,0,0,0,1,-0.578883284687
2,0,2,1,2,0,1,1,0,-0.1155
2,2,1,2,1,2,0,1,1,-1.0
1,2,1,2,2,1,1,2,0,1.0
1,1,2,2,1,1,0,2,2,0.75
2,1,1,0,2,1,0,0,2,1.0
2,2,0,1,2,0,0,0,1,0.85478027088
2,1,2,0,0,0,1,1,2,-0.066259094948
2,1,0,1,2,2,1,2,1,0.75
2,0,0,2,0,1,1,1,2,0.3375
0,2,0,0,0,2,1,1,0,-0.5
0,2,1,0,0,2,0,0,1,-0.420768454062
2,0,2,0,0,1,1,0,0,0.873839333833
1,0,2,1,1,0,2,2,0,-1.0
0,0,2,0,0,2,1,1,0,-0.2975
2,1,2,1,2,0,0,1,0,0.9
0,2,1,1,1,2,2,2,1,-1.0
0,2,1,0,2,2,1,0,1,0.0390625
2,2,2,1,2,1,1,0,1,1.0
1,2,1,0,2,1,0,2,0,1.0
2,2,1,1,0,2,1,2,1,-1.0
1,2,2,0,2,0,1,1,0,-1.0
2,0,1,0,0,1,0,2,0,-0.618141206095
2,2,0,1,2,1,0,1,0,0.9
2,0,0,0,0,0,0,0,1,0.555186421094
2,0,2,2,0,1,1,1,0,-1.0
2,0,1,2,0,1,1,0,2,-0.584375
1,2,2,0,1,0,0,0,0,-0.0965008
1,2,0,1,0,2,2,1,0,0.675
2,2,1,2,1,1,0,0,0,-0.257125
1,0,2,1,1,2,0,2,0,-1.0
1,2,2,1,0,0,0,1,2,-0.542428445419
0,1,2,0,2,0,1,2,1,0.675
1,2,2,0,0,1,0,1,2,-0.8
1,2,2,0,1,0,2,1,0,-0.8
1,2,0,0,1,0,2,1,2,0.675
1,0,2,2,0,0,2,1,1,-0.10625
2,2,2,0,1,1,1,2,1,1.0
1,2,2,1,0,1,0,0,2,-0.595
2,2,2,1,1,2,0,1,1,1.0
0,2,1,2,0,0,2,1,1,-0.7375
1,2,0,2,1,1,1,2,2,-1.0
1,1,2,1,2,2,0,0,0,0.0
2,2,2,1,1,0,1,2,1,1.0
0,0,0,2,0,2,1,0,1,-1.0
1,2,2,0,2,0,0,0,1,0.818409774
2,2,1,2,0,0,1,1,0,-1.0
2,1,2,0,0,2,1,1,0,-1.0
2,0,0,0,2,2,1,1,0,-0.1
2,1,0,0,2,2,0,1,1,-0.08073550536
0,2,2,0,0,0,0,1,1,-0.096090517443
1,0,1,2,2,2,1,2,1,1.0
2,1,1,2,1,0,0,2,0,-0.1
2,0,2,0,1,0,0,0,1,0.862933158875
1,2,2,2,1,1,1,0,2,0.75
2,1,0,0,2,0,1,0,0,0.716491352128
1,2,0,2,0,1,0,2,1,-1.0
1,1,2,2,2,1,1,2,0,0.75
0,2,1,1,2,1,2,1,2,0.75
2,2,1,0,1,1,2,0,0,-1.0
0,0,0,0,2,0,1,2,1,0.848960893733
1,2,2,1,0,2,0,0,1,-1.0
1,0,2,1,0,0,2,0,0,-0.402533783994
2,2,2,0,1,1,0,0,1,1.0
1,0,2,0,1,0,0,0,2,0.823405718619
2,2,1,1,2,0,0,1,0,-0.741856186897
2,1,0,0,1,0,2,0,0,-1.0
2,1,1,2,0,1,0,0,2,0.9
1,2,1,2,0,1,0,0,2,0.675
1,0,0,2,2,0,1,0,0,0.746354313315
2,0,0,0,2,1,1,1,2,1.0
1,2,2,0,1,1,0,0,2,-0.069803606988
1,2,0,1,2,0,2,0,1,0.751433779444
2,1,2,0,1,0,1,2,0,0.675
2,1,0,2,1,0,1,2,0,-1.0
2,1,2,1,2,2,0,1,1,-1.0
0,2,1,0,2,0,1,0,0,0.839417940738
2,2,2,1,0,0,1,1,0,1.0
0,2,0,0,2,1,1,2,1,1.0
1,2,2,2,0,0,1,1,0,-0.231806594198
2,2,1,1,2,1,2,1,0,-1.0
2,1,2,0,2,0,1,2,1,0.675
2,0,1,0,2,1,1,0,2,1.0
2,0,0,0,2,2,0,1,1,-0.028
1,2,0,2,2,0,1,1,0,0.041207698822
1,0,2,2,1,2,1,0,0,-0.060546875
2,2,1,2,2,0,0,1,1,-1.0
1,2,1,2,0,2,1,2,1,-1.0
1,2,0,0,1,0,1,2,2,-1.0
1,0,2,2,2,1,1,1,2,0.75
1,2,2,0,2,1,0,1,0,-0.715411651484
1,2,0,2,1,0,0,0,0,0.0420258593961
1,0,2,2,1,1,1,2,2,0.75
1,2,2,0,1,1,2,0,0,-0.1
2,1,1,2,1,1,2,0,2,1.0
2,1,1,1,2,1,2,2,0,-1.0
2,1,1,2,2,1,0,1,2,1.0
2,2,0,0,1,2,1,0,1,-1.0
2,2,0,1,0,0,1,2,1,0.9
1,1,2,2,0,0,2,0,1,-0.05
1,2,0,1,2,1,2,0,0,0.896875
2,0,1,0,2,2,0,0,1,0.89869578733
2,1,0,2,1,1,2,0,0,1.0
1,2,2,0,2,0,1,2,1,1.0
2,0,0,0,2,1,0,0,0,0.775237910087
1,0,2,2,0,0,1,1,2,0.677351010792
1,1,2,2,2,2,1,1,0,1.0
2,2,1,1,0,2,1,0,0,-1.0
2,1,0,2,0,2,0,1,1,-1.0
2,2,0,1,1,0,0,0,0,-1.0
1,1,2,1,2,0,2,0,0,1.0
2,0,1,2,2,0,2,1,1,1.0
2,0,1,0,2,1,0,2,0,-0.0782801091908
1,0,2,1,2,2,0,0,1,0.7875
2,1,0,2,0,0,1,0,0,-0.09
2,2,1,2,0,1,0,1,0,-0.7375
0,2,1,2,0,0,1,0,0,-1.0
2,1,1,0,2,1,0,2,0,-1.0
2,1,1,2,2,0,2,1,1,1.0
2,1,1,0,2,1,2,2,0,-1.0
0,2,1,0,0,0,2,1,0,0.607665696564
2,0,0,2,2,1,1,0,1,-1.0
2,2,2,1,2,0,0,1,1,1.0
0,2,0,0,2,0,1,0,1,-1.0
1,2,2,2,2,0,0,1,1,-1.0
2,1,0,0,2,1,0,0,0,0.794930366643
0,2,1,0,0,0,0,0,0,0.418576666915
2,1,1,0,2,0,0,2,1,-0.1625
2,0,1,2,0,0,0,1,0,-0.153061623277
2,0,1,0,2,2,0,1,1,-1.0
0,2,1,0,0,1,0,2,0,-0.05
2,2,2,1,1,0,1,0,0,1.0
2,0,0,1,2,0,1,2,1,0.796300649643
1,1,2,2,2,2,1,0,1,1.0
1,2,2,2,1,0,1,0,0,-0.403284273307
1,1,2,0,1,2,2,0,0,-0.5
2,0,1,0,1,0,2,0,0,0.894108179931
0,2,1,2,2,0,1,0,1,-1.0
1,0,2,2,0,0,0,0,1,-0.5
1,0,2,2,1,2,0,1,0,-0.7625
2,0,1,2,2,1,1,0,0,-1.0
2,2,1,1,2,2,0,1,0,0.786255952124
1,2,2,0,1,2,1,1,2,1.0
2,1,2,0,1,1,0,0,2,-1.0
1,0,2,1,0,1,2,2,0,0.0
2,2,0,2,2,1,1,0,1,-1.0
2,0,1,1,2,1,2,1,2,1.0
0,2,1,0,0,0,2,0,1,-1.0
0,0,0,0,2,0,1,0,0,0.72582681992
1,1,2,2,2,0,1,1,2,0.75
0,1,2,2,2,0,1,0,1,-0.05
1,1,2,1,2,1,2,2,0,1.0
2,1,1,2,2,2,0,0,1,1.0
1,2,1,2,2,1,2,1,0,-1.0
2,1,2,1,1,0,0,2,0,-1.0
2,2,2,1,0,1,0,1,0,1.0
0,1,2,2,1,2,1,0,0,-0.05
1,0,2,0,2,0,0,0,1,0.760443294729
1,2,0,2,0,0,0,0,1,-0.1
1,2,0,2,2,1,0,1,0,-0.1125
2,2,0,0,1,0,1,0,0,-0.0933287253563
2,0,2,1,2,0,1,0,1,-1.0
1,2,2,1,2,1,0,1,2,-1.0
2,0,1,2,2,1,0,0,0,-0.1
1,2,2,2,0,1,1,0,0,-0.409821851285
0,2,2,2,0,1,1,1,0,-0.1625
2,2,1,1,0,0,2,1,0,-0.729693787562
1,2,0,0,0,2,0,1,0,-0.0828718048133
0,2,1,0,2,0,1,2,1,1.0
2,0,2,0,0,1,2,1,1,0.9
2,1,2,0,1,1,2,0,0,-0.474883900968
1,2,0,0,1,0,0,0,2,-0.324867046868
0,2,1,0,1,0,0,2,0,-0.5
1,2,2,1,2,2,0,1,0,-1.0
2,1,1,2,0,1,0,2,0,-0.08
1,2,2,0,0,1,1,0,2,-0.568089635184
2,0,0,1,2,2,1,1,0,-1.0
2,2,1,2,2,1,1,1,2,1.0
2,2,0,1,2,0,0,1,1,-0.14
2,1,2,0,0,0,1,0,0,-0.169787894369
2,2,1,1,1,0,2,0,0,-0.413548998354
2,2,0,1,0,2,1,1,0,-1.0
1,0,2,2,1,1,0,2,0,0.0
2,2,0,1,2,2,1,0,1,-1.0
0,0,2,0,0,0,1,2,1,-0.63
1,0,2,0,2,0,2,1,1,1.0
2,2,2,0,1,0,0,1,1,1.0
2,1,1,2,0,0,0,2,1,-0.5
1,2,1,0,2,2,1,1,2,-1.0
1,2,1,0,1,1,2,2,2,1.0
1,0,2,1,1,0,2,0,2,-1.0
0,2,2,2,1,1,1,0,0,0.7875
0,0,0,2,1,2,1,1,2,-1.0
2,2,1,1,2,2,1,0,1,-1.0
0,2,1,0,1,2,2,1,0,0.675
0,2,0,0,0,2,0,1,1,-0.2215625
2,2,1,0,2,1,1,2,0,1.0
2,2,1,2,1,1,0,1,2,-1.0
2,1,1,2,1,2,0,0,0,-1.0
2,1,1,1,2,1,0,2,2,1.0
2,0,2,1,2,1,1,2,1,0.75
1,2,0,1,0,2,0,0,0,-0.06762255904
0,1,2,2,0,2,1,1,0,-1.0
2,0,0,0,2,0,1,0,0,0.822659249815
1,2,0,2,1,2,1,1,2,-1.0